 mode  QM-Freq   MD-Freq     Diff.  %Error
   7     395.5     443.0     -47.5  -12.01
   8     395.7     443.1     -47.4  -11.98
   9     598.8     518.2      80.6   13.46
  10     599.5     518.2      81.3   13.56
  11     665.2     702.6     -37.4   -5.63
  12     696.5     729.3     -32.8   -4.71
  13     840.1     809.9      30.2    3.60
  14     840.2     858.4     -18.2   -2.17
  15     960.3     863.9      96.4   10.04
  16     960.4     864.0      96.4   10.03
  17     981.6     899.5      82.1    8.37
  18     982.2     899.5      82.7    8.42
  19     986.0    1016.0     -30.0   -3.04
  20    1024.8    1016.1       8.6    0.84
  21    1025.1    1040.2     -15.1   -1.47
  22    1128.0    1087.2      40.9    3.62
  23    1154.8    1087.2      67.6    5.85
  24    1155.2    1146.1       9.1    0.79
  25    1283.7    1384.2    -100.5   -7.83
  26    1323.2    1477.3    -154.1  -11.64
  27    1457.1    1477.4     -20.4   -1.40
  28    1457.3    1572.9    -115.5   -7.93
  29    1596.2    1586.0      10.2    0.64
  30    1596.4    1586.0      10.4    0.65
  31    3041.8    3043.7      -1.8   -0.06
  32    3051.8    3043.7       8.1    0.27
  33    3051.9    3043.9       8.1    0.26
  34    3067.5    3044.6      22.9    0.75
  35    3067.6    3044.6      23.0    0.75
  36    3077.9    3045.2      32.7    1.06


         QM vectors              MD Vectors
==================================================
Mode 7
   0.121  -0.000  -0.000     0.128  -0.000  -0.000
  -0.121  -0.000   0.000    -0.128   0.000  -0.000
   0.000  -0.000   0.000     0.000  -0.000   0.000
   0.270  -0.000   0.000     0.227  -0.000  -0.000
  -0.000  -0.000  -0.000     0.000   0.000   0.000
  -0.270  -0.000  -0.000    -0.227   0.000  -0.000
   0.121   0.000   0.000     0.128   0.000   0.000
  -0.000   0.000  -0.000     0.000  -0.000   0.000
  -0.121   0.000   0.000    -0.128  -0.000   0.000
   0.270   0.000  -0.000     0.227   0.000   0.000
  -0.270  -0.000   0.000    -0.227  -0.000   0.000
   0.000   0.000   0.000     0.000   0.000   0.000

Mode 8
  -0.070  -0.000  -0.000    -0.074  -0.000  -0.000
  -0.070   0.000  -0.000    -0.074   0.000  -0.000
   0.140  -0.000  -0.000     0.148   0.000   0.000
  -0.156  -0.000   0.000    -0.131  -0.000  -0.000
   0.140   0.000  -0.000     0.148   0.000  -0.000
  -0.156   0.000  -0.000    -0.131   0.000  -0.000
  -0.070   0.000  -0.000    -0.074   0.000   0.000
   0.311  -0.000   0.000     0.262  -0.000  -0.000
  -0.070  -0.000  -0.000    -0.074   0.000   0.000
  -0.156   0.000  -0.000    -0.131   0.000   0.000
  -0.156  -0.000  -0.000    -0.131   0.000   0.000
   0.311   0.000  -0.000     0.262   0.000   0.000

Mode 9
   0.000   0.090  -0.011    -0.000  -0.090  -0.093
   0.000   0.090   0.011     0.000   0.090  -0.093
  -0.000  -0.000  -0.146    -0.000  -0.071   0.000
   0.000   0.024   0.104    -0.000  -0.111  -0.065
  -0.000  -0.000   0.146    -0.000   0.071  -0.000
  -0.000   0.024  -0.104     0.000   0.111  -0.065
   0.000  -0.090   0.011    -0.000   0.090   0.093
   0.000  -0.000   0.146    -0.000   0.001  -0.000
   0.000  -0.090  -0.011     0.000  -0.090   0.093
   0.000  -0.024  -0.104    -0.000   0.111   0.065
   0.000  -0.024   0.104     0.000  -0.111   0.065
  -0.000  -0.000  -0.146    -0.000  -0.001   0.000

Mode 10
   0.000   0.094   0.090    -0.000   0.093  -0.017
   0.000  -0.094   0.090    -0.000   0.093   0.017
   0.000   0.063  -0.000     0.000  -0.000  -0.144
  -0.000   0.132   0.024    -0.000   0.065   0.036
   0.000  -0.063  -0.000     0.000   0.000   0.144
  -0.000  -0.132   0.024    -0.000   0.065  -0.036
   0.000  -0.094  -0.090    -0.000  -0.093   0.017
  -0.000   0.091  -0.000     0.000   0.000   0.149
   0.000   0.094  -0.090    -0.000  -0.093  -0.017
  -0.000  -0.132  -0.024    -0.000  -0.065  -0.036
  -0.000   0.132  -0.024    -0.000  -0.065   0.036
  -0.000  -0.091  -0.000     0.000  -0.000  -0.149

Mode 11
  -0.033   0.000   0.000    -0.033  -0.000   0.000
  -0.033  -0.000   0.000    -0.033   0.000  -0.000
  -0.033   0.000   0.000    -0.033  -0.000   0.000
   0.390   0.000   0.000     0.390   0.000  -0.000
  -0.033  -0.000   0.000    -0.033  -0.000  -0.000
   0.390  -0.000   0.000     0.390   0.000   0.000
  -0.033  -0.000  -0.000    -0.033  -0.000  -0.000
   0.391   0.000   0.000     0.391  -0.000  -0.000
  -0.033   0.000  -0.000    -0.033  -0.000   0.000
   0.390  -0.000  -0.000     0.390  -0.000   0.000
   0.390   0.000  -0.000     0.390  -0.000   0.000
   0.391  -0.000  -0.000     0.391  -0.000   0.000

Mode 12
   0.104   0.000  -0.000    -0.108  -0.000   0.000
  -0.104   0.000  -0.000     0.108   0.000  -0.000
  -0.104   0.000   0.000     0.108  -0.000   0.000
   0.194  -0.000   0.000    -0.164  -0.000   0.000
   0.104   0.000  -0.000    -0.108  -0.000  -0.000
  -0.194   0.000  -0.000     0.164   0.000   0.000
  -0.104   0.000   0.000     0.108  -0.000  -0.000
   0.194  -0.000   0.000    -0.164  -0.000  -0.000
   0.104   0.000   0.000    -0.108   0.000   0.000
  -0.194   0.000   0.000     0.164  -0.000   0.000
   0.194   0.000  -0.000    -0.164   0.000   0.000
  -0.194  -0.000   0.000     0.164  -0.000   0.000

Mode 13
   0.038   0.000   0.000     0.000   0.097   0.056
  -0.038   0.000  -0.000     0.000   0.097  -0.056
   0.076   0.000   0.000    -0.000   0.000   0.112
  -0.255   0.000  -0.000     0.000   0.105   0.061
  -0.076   0.000   0.000     0.000   0.000  -0.112
   0.255   0.000  -0.000    -0.000   0.105  -0.061
  -0.038   0.000  -0.000    -0.000  -0.097  -0.056
   0.511  -0.000   0.000    -0.000  -0.000  -0.122
   0.038   0.000  -0.000    -0.000  -0.097   0.056
   0.255   0.000  -0.000    -0.000  -0.105  -0.061
  -0.255   0.000   0.000     0.000  -0.105   0.061
  -0.511  -0.000   0.000     0.000  -0.000   0.122

Mode 14
  -0.066  -0.000   0.000    -0.000   0.097   0.056
  -0.066   0.000   0.000    -0.000  -0.097   0.056
   0.000   0.000  -0.000    -0.000  -0.000  -0.112
   0.443  -0.000   0.000     0.000   0.107   0.061
   0.000   0.000  -0.000     0.000  -0.000  -0.112
   0.443   0.000   0.000     0.000  -0.107   0.061
   0.066  -0.000  -0.000     0.000   0.097   0.056
  -0.000  -0.000  -0.000    -0.000  -0.000  -0.123
   0.066   0.000  -0.000     0.000  -0.097   0.056
  -0.443  -0.000   0.000    -0.000   0.107   0.061
  -0.443   0.000   0.000    -0.000  -0.107   0.061
  -0.000   0.000  -0.000     0.000  -0.000  -0.123

Mode 15
  -0.045   0.000   0.000     0.038   0.000   0.000
  -0.045  -0.000   0.000    -0.038  -0.000   0.000
   0.090   0.000  -0.000     0.076   0.000  -0.000
   0.242   0.000   0.000    -0.255   0.000   0.000
   0.090   0.000  -0.000    -0.076   0.000  -0.000
   0.242  -0.000   0.000     0.255   0.000   0.000
  -0.045   0.000   0.000    -0.038   0.000   0.000
  -0.483   0.000  -0.000     0.511   0.000  -0.000
  -0.045  -0.000   0.000     0.038  -0.000   0.000
   0.242   0.000   0.000     0.255  -0.000   0.000
   0.242  -0.000   0.000    -0.255  -0.000   0.000
  -0.483  -0.000  -0.000    -0.511   0.000  -0.000

Mode 16
  -0.078   0.000   0.000    -0.066  -0.000  -0.000
   0.078   0.000  -0.000    -0.066   0.000  -0.000
  -0.000   0.000   0.000    -0.000   0.000   0.000
   0.419   0.000   0.000     0.443  -0.000  -0.000
   0.000   0.000  -0.000     0.000   0.000   0.000
  -0.419  -0.000  -0.000     0.443   0.000  -0.000
  -0.078  -0.000  -0.000     0.066  -0.000  -0.000
  -0.000   0.000  -0.000    -0.000  -0.000   0.000
   0.078  -0.000   0.000     0.066   0.000  -0.000
   0.419   0.000  -0.000    -0.443  -0.000  -0.000
  -0.419  -0.000   0.000    -0.443   0.000  -0.000
   0.000   0.000   0.000     0.000   0.000   0.000

Mode 17
   0.000   0.098   0.057    -0.000  -0.054  -0.074
   0.000  -0.098   0.057    -0.000  -0.054   0.074
  -0.000   0.000  -0.114    -0.000   0.075  -0.000
  -0.000   0.096   0.057     0.000   0.013  -0.209
  -0.000  -0.000  -0.114     0.000   0.075  -0.000
  -0.000  -0.096   0.057    -0.000   0.013   0.209
   0.000   0.098   0.057     0.000  -0.054  -0.074
   0.000   0.000  -0.113    -0.000   0.376  -0.000
   0.000  -0.098   0.057     0.000  -0.054   0.074
  -0.000   0.096   0.057     0.000   0.013  -0.209
  -0.000  -0.096   0.057    -0.000   0.013   0.209
   0.000  -0.000  -0.113     0.000   0.376  -0.000

Mode 18
  -0.000  -0.097  -0.056     0.000   0.074  -0.032
   0.000  -0.097   0.056    -0.000  -0.074  -0.032
   0.000  -0.000  -0.112     0.000   0.000   0.097
   0.000  -0.107  -0.062    -0.000   0.209  -0.255
  -0.000  -0.000   0.112    -0.000   0.000   0.097
  -0.000  -0.107   0.062     0.000  -0.209  -0.255
   0.000   0.097   0.056    -0.000   0.074  -0.032
   0.000  -0.000   0.123     0.000   0.000   0.107
  -0.000   0.097  -0.056     0.000  -0.074  -0.032
  -0.000   0.107   0.062     0.000   0.209  -0.255
   0.000   0.107  -0.062    -0.000  -0.209  -0.255
  -0.000  -0.000  -0.123    -0.000   0.000   0.107

Mode 19
   0.056  -0.000  -0.000    -0.038  -0.000  -0.000
  -0.056  -0.000   0.000    -0.038   0.000   0.000
  -0.056   0.000  -0.000     0.076   0.000  -0.000
  -0.358  -0.000  -0.000     0.256  -0.000   0.000
   0.056   0.000   0.000     0.076  -0.000  -0.000
   0.358  -0.000   0.000     0.256   0.000   0.000
  -0.056   0.000   0.000    -0.038   0.000   0.000
  -0.357   0.000   0.000    -0.511  -0.000  -0.000
   0.056   0.000  -0.000    -0.038  -0.000  -0.000
   0.358   0.000   0.000     0.256  -0.000   0.000
  -0.358   0.000  -0.000     0.256   0.000  -0.000
   0.357   0.000  -0.000    -0.511  -0.000  -0.000

Mode 20
   0.000   0.052   0.066     0.066  -0.000   0.000
  -0.000   0.052  -0.066    -0.066  -0.000   0.000
  -0.000  -0.062   0.000    -0.000   0.000  -0.000
  -0.000  -0.033   0.225    -0.443  -0.000   0.000
   0.000  -0.062  -0.000    -0.000   0.000   0.000
   0.000  -0.033  -0.225     0.443  -0.000  -0.000
  -0.000   0.052   0.066     0.066   0.000   0.000
  -0.000  -0.425  -0.000     0.000   0.000   0.000
   0.000   0.052  -0.066    -0.066  -0.000   0.000
   0.000  -0.033   0.225    -0.443   0.000  -0.000
  -0.000  -0.033  -0.225     0.443   0.000   0.000
   0.000  -0.425   0.000     0.000   0.000  -0.000

Mode 21
  -0.000   0.066  -0.024    -0.048  -0.000   0.000
  -0.000  -0.066  -0.024     0.048  -0.000   0.000
   0.000   0.000   0.089     0.047   0.000  -0.000
   0.000   0.226  -0.293     0.372  -0.000   0.000
   0.000  -0.000   0.089    -0.047   0.000   0.000
   0.000  -0.226  -0.293    -0.372  -0.000  -0.000
  -0.000   0.066  -0.024     0.048   0.000  -0.000
  -0.000  -0.000   0.096     0.372   0.000   0.000
   0.000  -0.066  -0.024    -0.048  -0.000   0.000
   0.000   0.226  -0.293    -0.372   0.000  -0.000
  -0.000  -0.226  -0.293     0.372   0.000   0.000
  -0.000   0.000   0.096    -0.372   0.000  -0.000

Mode 22
   0.000  -0.020   0.035     0.000  -0.044   0.018
  -0.000  -0.020  -0.035     0.000   0.044   0.018
   0.000   0.040  -0.000    -0.000   0.075   0.000
  -0.000  -0.191   0.331     0.000  -0.154   0.199
  -0.000   0.040   0.000     0.000  -0.075  -0.000
   0.000  -0.191  -0.331    -0.000   0.154   0.199
   0.000  -0.020   0.035    -0.000   0.044  -0.018
   0.000   0.381   0.000    -0.000  -0.499  -0.000
  -0.000  -0.020  -0.035     0.000  -0.044  -0.018
  -0.000  -0.191   0.331    -0.000   0.154  -0.199
   0.000  -0.191  -0.331     0.000  -0.154  -0.199
  -0.000   0.381  -0.000     0.000   0.499   0.000

Mode 23
   0.000  -0.011   0.026    -0.000  -0.018   0.065
   0.000   0.011   0.026     0.000  -0.018  -0.065
   0.000   0.056  -0.000    -0.000   0.000  -0.034
  -0.000  -0.132   0.236    -0.000  -0.199   0.384
   0.000  -0.056  -0.000     0.000  -0.000   0.034
  -0.000   0.132   0.236    -0.000  -0.199  -0.384
  -0.000   0.011  -0.026    -0.000   0.018  -0.065
  -0.000  -0.542   0.000    -0.000  -0.000   0.039
  -0.000  -0.011  -0.026     0.000   0.018   0.065
   0.000   0.132  -0.236     0.000   0.199  -0.384
   0.000  -0.132  -0.236     0.000   0.199   0.384
  -0.000   0.542   0.000     0.000   0.000  -0.039

Mode 24
   0.000  -0.026   0.041     0.000   0.024  -0.042
  -0.000  -0.026  -0.041    -0.000   0.024   0.042
  -0.000   0.000   0.004     0.000  -0.049   0.000
  -0.000  -0.236   0.405     0.000   0.185  -0.320
   0.000   0.000  -0.004     0.000  -0.049   0.000
   0.000  -0.236  -0.405     0.000   0.185   0.320
  -0.000   0.026  -0.041     0.000   0.024  -0.042
  -0.000   0.000  -0.004     0.000  -0.370   0.000
  -0.000   0.026   0.041    -0.000   0.024   0.042
  -0.000   0.236  -0.405    -0.000   0.185  -0.320
   0.000   0.236   0.405    -0.000   0.185   0.320
   0.000   0.000   0.004    -0.000  -0.370   0.000

Mode 25
   0.000  -0.055   0.096     0.000   0.027  -0.047
   0.000  -0.055  -0.096     0.000  -0.027  -0.047
   0.000   0.111  -0.000    -0.000   0.054   0.000
   0.000   0.070  -0.121     0.000  -0.181   0.313
  -0.000   0.111   0.000     0.000  -0.054   0.000
  -0.000   0.070   0.121    -0.000   0.181   0.313
   0.000  -0.055   0.096     0.000  -0.027   0.047
  -0.000  -0.141   0.000    -0.000   0.361   0.000
  -0.000  -0.055  -0.096    -0.000   0.027   0.047
  -0.000   0.070  -0.121    -0.000   0.181  -0.313
   0.000   0.070   0.121     0.000  -0.181  -0.313
   0.000  -0.141  -0.000     0.000  -0.361   0.000

Mode 26
   0.000   0.027  -0.047    -0.000   0.017   0.066
   0.000  -0.027  -0.047    -0.000   0.017  -0.066
  -0.000   0.054   0.000     0.000  -0.097   0.000
  -0.000  -0.181   0.313     0.000   0.161  -0.150
  -0.000  -0.054   0.000     0.000  -0.097   0.000
  -0.000   0.181   0.313     0.000   0.161   0.150
   0.000  -0.027   0.047    -0.000   0.017   0.066
   0.000   0.361   0.000     0.000   0.421   0.000
   0.000   0.027   0.047     0.000   0.017  -0.066
  -0.000   0.181  -0.313     0.000   0.161  -0.150
  -0.000  -0.181  -0.313    -0.000   0.161   0.150
   0.000  -0.361   0.000    -0.000   0.421   0.000

Mode 27
  -0.000  -0.024  -0.075    -0.000  -0.066   0.059
   0.000  -0.024   0.075    -0.000   0.066   0.059
  -0.000   0.105  -0.000     0.000  -0.000  -0.055
  -0.000  -0.156   0.125    -0.000   0.150  -0.334
   0.000   0.105   0.000    -0.000  -0.000  -0.055
   0.000  -0.156  -0.125     0.000  -0.150  -0.334
  -0.000  -0.024  -0.075    -0.000  -0.066   0.059
  -0.000  -0.372   0.000    -0.000   0.000  -0.074
   0.000  -0.024   0.075     0.000   0.066   0.059
   0.000  -0.156   0.125     0.000   0.150  -0.334
  -0.000  -0.156  -0.125    -0.000  -0.150  -0.334
   0.000  -0.372  -0.000    -0.000   0.000  -0.074

Mode 28
  -0.000  -0.075   0.062     0.000   0.054  -0.093
  -0.000   0.075   0.062     0.000   0.054   0.093
   0.000  -0.000  -0.067    -0.000  -0.107   0.000
   0.000   0.125  -0.300     0.000  -0.085   0.146
  -0.000   0.000  -0.067     0.000  -0.107  -0.000
   0.000  -0.125  -0.300     0.000  -0.085  -0.146
   0.000  -0.075   0.062     0.000   0.054  -0.093
  -0.000  -0.000  -0.083    -0.000   0.169  -0.000
   0.000   0.075   0.062    -0.000   0.054   0.093
  -0.000   0.125  -0.300    -0.000  -0.085   0.146
  -0.000  -0.125  -0.300     0.000  -0.085  -0.146
  -0.000   0.000  -0.083    -0.000   0.169   0.000

Mode 29
   0.000   0.084  -0.034     0.000   0.032  -0.112
   0.000  -0.084  -0.034     0.000   0.032   0.112
   0.000  -0.144  -0.000    -0.000   0.000   0.057
  -0.000   0.013   0.107     0.000  -0.159   0.194
  -0.000   0.144  -0.000     0.000  -0.000  -0.057
   0.000  -0.013   0.107    -0.000  -0.159  -0.194
   0.000  -0.084   0.034     0.000  -0.032   0.112
  -0.000  -0.171   0.000    -0.000   0.000  -0.081
   0.000   0.084   0.034    -0.000  -0.032  -0.112
   0.000  -0.013  -0.107    -0.000   0.159  -0.194
  -0.000   0.013  -0.107     0.000   0.159   0.194
  -0.000   0.171   0.000     0.000  -0.000   0.081

Mode 30
  -0.000   0.034  -0.124    -0.000  -0.076   0.032
   0.000   0.034   0.124    -0.000   0.076   0.032
  -0.000   0.000   0.064     0.000   0.131  -0.000
  -0.000  -0.107   0.110    -0.000   0.011  -0.159
  -0.000   0.000  -0.064    -0.000  -0.131   0.000
   0.000  -0.107  -0.110    -0.000  -0.011  -0.159
   0.000  -0.034   0.124    -0.000   0.076  -0.032
  -0.000  -0.000  -0.074    -0.000   0.286   0.000
  -0.000  -0.034  -0.124     0.000  -0.076  -0.032
  -0.000   0.107  -0.110    -0.000  -0.011   0.159
   0.000   0.107   0.110    -0.000   0.011   0.159
   0.000  -0.000   0.074     0.000  -0.286  -0.000

Mode 31
  -0.000   0.028   0.016    -0.000  -0.024  -0.009
   0.000  -0.028   0.016    -0.000   0.024  -0.009
  -0.000   0.000  -0.033     0.000   0.000  -0.050
   0.000  -0.337  -0.195    -0.000   0.241   0.132
  -0.000  -0.000  -0.033    -0.000   0.000  -0.050
  -0.000   0.337  -0.195     0.000  -0.241   0.132
   0.000   0.028   0.016     0.000  -0.024  -0.009
  -0.000   0.000   0.393     0.000  -0.000   0.548
   0.000  -0.028   0.016     0.000   0.024  -0.009
   0.000  -0.337  -0.195     0.000   0.241   0.132
  -0.000   0.337  -0.195    -0.000  -0.241   0.132
   0.000  -0.000   0.393    -0.000  -0.000   0.548

Mode 32
   0.000  -0.019  -0.014     0.000   0.036   0.023
   0.000  -0.019   0.014     0.000   0.036  -0.023
   0.000  -0.000   0.047    -0.000  -0.004  -0.000
   0.000   0.236   0.139     0.000  -0.410  -0.241
   0.000  -0.000  -0.047     0.000  -0.004  -0.000
  -0.000   0.236  -0.139    -0.000  -0.410   0.241
   0.000   0.019   0.014    -0.000   0.036   0.023
  -0.000  -0.000   0.553    -0.000   0.007   0.000
   0.000   0.019  -0.014    -0.000   0.036  -0.023
   0.000  -0.236  -0.139     0.000  -0.410  -0.241
   0.000  -0.236   0.139     0.000  -0.410   0.241
  -0.000  -0.000  -0.553     0.000   0.007   0.000

Mode 33
   0.000  -0.036  -0.019     0.000   0.031   0.018
  -0.000   0.036  -0.019     0.000   0.031  -0.018
   0.000   0.002   0.000    -0.000   0.000   0.035
  -0.000   0.414   0.238     0.000  -0.336  -0.194
   0.000  -0.002   0.000     0.000   0.000  -0.035
   0.000  -0.414   0.238    -0.000  -0.336   0.194
  -0.000   0.036   0.019    -0.000  -0.031  -0.018
  -0.000   0.003  -0.000    -0.000  -0.000   0.389
   0.000  -0.036   0.019    -0.000  -0.031   0.018
   0.000  -0.414  -0.238     0.000   0.336   0.194
  -0.000   0.414  -0.238     0.000   0.336  -0.194
  -0.000  -0.003  -0.000     0.000  -0.000  -0.389

Mode 34
   0.000   0.023   0.010     0.000   0.039   0.019
   0.000  -0.023   0.010     0.000  -0.039   0.019
   0.000  -0.000   0.049    -0.000  -0.005  -0.000
   0.000  -0.241  -0.134     0.000  -0.413  -0.234
  -0.000   0.000   0.049    -0.000   0.005   0.000
  -0.000   0.241  -0.134    -0.000   0.413  -0.234
  -0.000   0.023   0.010    -0.000  -0.039  -0.019
   0.000  -0.000  -0.548    -0.000  -0.007  -0.000
   0.000  -0.023   0.010    -0.000   0.039  -0.019
   0.000  -0.241  -0.134    -0.000   0.413   0.234
  -0.000   0.241  -0.134     0.000  -0.413   0.234
  -0.000   0.000  -0.548     0.000   0.007   0.000

Mode 35
  -0.000  -0.036  -0.023     0.000   0.019   0.017
   0.000  -0.036   0.023     0.000   0.019  -0.017
   0.000   0.004   0.000     0.000   0.000  -0.050
  -0.000   0.411   0.240    -0.000  -0.235  -0.143
   0.000   0.004  -0.000     0.000  -0.000   0.050
  -0.000   0.411  -0.240    -0.000  -0.235   0.143
   0.000  -0.036  -0.023     0.000  -0.019  -0.017
  -0.000  -0.005  -0.000    -0.000   0.000  -0.548
   0.000  -0.036   0.023     0.000  -0.019   0.017
  -0.000   0.411   0.240     0.000   0.235   0.143
  -0.000   0.411  -0.240     0.000   0.235  -0.143
   0.000  -0.005   0.000     0.000  -0.000   0.548

Mode 36
  -0.000  -0.031  -0.018     0.000   0.031   0.018
   0.000  -0.031   0.018     0.000  -0.031   0.018
  -0.000  -0.000  -0.036    -0.000   0.000  -0.036
  -0.000   0.337   0.194     0.000  -0.335  -0.194
  -0.000  -0.000   0.036    -0.000  -0.000  -0.036
  -0.000   0.337  -0.194    -0.000   0.335  -0.194
  -0.000   0.031   0.018    -0.000   0.031   0.018
   0.000   0.000  -0.385    -0.000   0.000   0.389
  -0.000   0.031  -0.018    -0.000  -0.031   0.018
   0.000  -0.337  -0.194    -0.000  -0.335  -0.194
   0.000  -0.337   0.194     0.000   0.335  -0.194
   0.000   0.000   0.385     0.000  -0.000   0.389
