CA-CA-CA  97.66   120.0   2   1   3
CA-CA-HA  30.57   120.0   2   1   4
CA-CA-HA  30.57   120.0   3   1   4
CA-CA-CA  97.66   120.0   1   2   5
CA-CA-HA  30.57   120.0   1   2   6
CA-CA-HA  30.57   120.0   5   2   6
CA-CA-CA  97.54   120.0   1   3   9
CA-CA-HA  30.55   120.0   1   3   12
CA-CA-HA  30.55   120.0   9   3   12
CA-CA-CA  97.54   120.0   2   5   7
CA-CA-HA  30.55   120.0   2   5   8
CA-CA-HA  30.55   120.0   7   5   8
CA-CA-CA  97.66   120.0   5   7   9
CA-CA-HA  30.57   120.0   5   7   10
CA-CA-HA  30.57   120.0   9   7   10
CA-CA-CA  97.66   120.0   3   9   7
CA-CA-HA  30.57   120.0   3   9   11
CA-CA-HA  30.57   120.0   7   9   11
